26,11
26,12
26,13
26,14
26,15
26,10
26,9
26,8
26,7
26,6
26,5
26,4
26,3
26,2
26,1
25,5
25,4
25,3
25,1
24,22
24,21
24,20
24,19
24,18
24,17
24,16
24,15
24,14
24,13
24,12
24,11
24,10
24,9
24,8
24,7
24,6
24,5
24,4
24,3
24,2
24,1
24,0
23,3
23,1
20,3
20,2
20,1
19,3
19,2
19,1
18,3
18,1
14,3
14,1
13,3
13,1
12,3
12,2
12,1
11,3
11,2
11,1
10,3
10,2
10,1
9,3
9,2
9,1
8,3
8,2
8,1
3,3
3,2
3,1
2,3
2,2
2,1
0,408
0,273
0,270
0,9
0,0
45,34
45,33
45,32
45,31
45,30
45,29
45,28
45,27
45,26
45,25
45,24
45,23
45,22
45,21
45,20
45,19
45,18
45,17
45,16
45,15
45,14
45,13
